2 3.09596 -4.37378 -1.04032
2 3.09596 -4.37378 -1.04033
2 5.53181 -9.38928 -1.09836
2 5.53058 -9.38682 -1.1064
2 7.55404 -12.5143 0.310736
2 7.55109 -12.5153 0.295705
2 14.9407 -8.60746 0.555686
2 14.9407 -8.60746 0.555681
2 18.0286 -7.01546 1.92928
2 18.0237 -6.99712 2.03281
2 14.041 1.07061 2.14748
2 14.0563 1.0473 2.15011
2 9.99173 8.17095 2.16161
2 9.92952 8.27062 2.05789
2 5.14841 17.7197 2.07513
2 5.11317 17.7823 2.07203
2 5.12652 17.758 2.0747
2 3.37284 20.548 -2.71337
2 3.37749 20.5503 -2.73673
2 -6.6634 14.2523 -1.21692
2 -6.64906 14.2233 -1.1647
2 0.100191 -0.228569 -1.19409
2 0.0998445 -0.227685 -1.20102
