1 1.63624 0.141926 0.0483908
1 5.43592 -0.0126744 0.0298996
1 9.26154 0.15953533 0.031969
1 17.0123 0.261686 0.0679099
1 20.6753 0.148704 0.0299387
2 24.6053 3.85257 -3.07687
2 20.9464 3.70137 -3.07004
2 17.0512 3.80307 -3.03859
2 13.3378 3.47152 -3.05127
2 9.15037 3.670843 -3.07724
4 9.15036 3.670843 -3.07724
1 8.99171 7.4089 0.0747419
1 13.0777 7.68044 0.079562
1 17.0077 7.63634 0.0629942
1 20.6251 7.59938 0.0614106
1 24.5515 7.6356 0.0680764
1 28.4384 7.63306 -0.060651
3 26.9781 0.104667 -3.12456
3 1.70157 0.133967 -3.11708
